MARGINALPDBC;
2026;10;11;1;200.49;200.49;
2026;10;11;2;200.49;200.49;
2026;10;11;3;200;200;
2026;10;11;4;200;200;
2026;10;11;5;200.49;200.49;
2026;10;11;6;200;200;
2026;10;11;7;199.6;199.6;
2026;10;11;8;199.36;199.36;
2026;10;11;9;199.36;199.36;
2026;10;11;10;198.92;198.92;
2026;10;11;11;198.68;198.68;
2026;10;11;12;197.98;197.98;
2026;10;11;13;197.98;197.98;
2026;10;11;14;197.78;197.78;
2026;10;11;15;197.78;197.78;
2026;10;11;16;197.78;197.78;
2026;10;11;17;197.78;197.78;
2026;10;11;18;197.4;197.4;
2026;10;11;19;197.78;197.78;
2026;10;11;20;197.78;197.78;
2026;10;11;21;197.4;197.4;
2026;10;11;22;197.04;197.04;
2026;10;11;23;197.04;197.04;
2026;10;11;24;197.4;197.4;
2026;10;11;25;197.04;197.04;
2026;10;11;26;197.4;197.4;
2026;10;11;27;197.78;197.78;
2026;10;11;28;197.98;197.98;
2026;10;11;29;197.98;197.98;
2026;10;11;30;197.98;197.98;
2026;10;11;31;198.95;198.95;
2026;10;11;32;199.36;199.36;
2026;10;11;33;199.86;199.86;
2026;10;11;34;199.36;199.36;
2026;10;11;35;198.92;198.92;
2026;10;11;36;197;197;
2026;10;11;37;195;195;
2026;10;11;38;143.3;143.3;
2026;10;11;39;129.42;129.42;
2026;10;11;40;100;100;
2026;10;11;41;109.73;109.73;
2026;10;11;42;90;90;
2026;10;11;43;79.26;79.26;
2026;10;11;44;56.76;56.76;
2026;10;11;45;49.36;49.36;
2026;10;11;46;37.28;37.28;
2026;10;11;47;15.01;15.01;
2026;10;11;48;5;5;
2026;10;11;49;1.56;1.56;
2026;10;11;50;1.1;1.1;
2026;10;11;51;1.07;1.07;
2026;10;11;52;1.07;1.07;
2026;10;11;53;1.07;1.07;
2026;10;11;54;1.07;1.07;
2026;10;11;55;1.07;1.07;
2026;10;11;56;1.07;1.07;
2026;10;11;57;1.07;1.07;
2026;10;11;58;1.07;1.07;
2026;10;11;59;1.07;1.07;
2026;10;11;60;1.07;1.07;
2026;10;11;61;0.51;0.51;
2026;10;11;62;0.51;0.51;
2026;10;11;63;0.51;0.51;
2026;10;11;64;0.54;0.54;
2026;10;11;65;1;1;
2026;10;11;66;1.07;1.07;
2026;10;11;67;1.07;1.07;
2026;10;11;68;1.5;1.5;
2026;10;11;69;15;15;
2026;10;11;70;50.2;50.2;
2026;10;11;71;80;80;
2026;10;11;72;121;121;
2026;10;11;73;129.55;129.55;
2026;10;11;74;159;159;
2026;10;11;75;198.92;198.92;
2026;10;11;76;226.37;226.37;
2026;10;11;77;223.63;223.63;
2026;10;11;78;234.01;234.01;
2026;10;11;79;239.92;239.92;
2026;10;11;80;241.59;241.59;
2026;10;11;81;241.52;241.52;
2026;10;11;82;234.58;234.58;
2026;10;11;83;233.52;233.52;
2026;10;11;84;226.37;226.37;
2026;10;11;85;225.52;225.52;
2026;10;11;86;223.52;223.52;
2026;10;11;87;223.52;223.52;
2026;10;11;88;220.96;220.96;
2026;10;11;89;220.81;220.81;
2026;10;11;90;210;210;
2026;10;11;91;204.66;204.66;
2026;10;11;92;202.5;202.5;
2026;10;11;93;218;218;
2026;10;11;94;202.5;202.5;
2026;10;11;95;200;200;
2026;10;11;96;199.86;199.86;
*
